Groups with three drops: [12, 30, 40, 41, 42, 44, 46, 48, 49, 54, 62, 67, 69, 77, 86, 89, 101, 102, 103, 106, 110, 113]
length of groups_with_three_drops: 22
-----------------------------------------------
Groups with two drops: [15, 16, 29, 35, 37, 38, 39, 43, 52, 59, 60, 64, 74, 79, 83, 90, 91, 95, 105, 109, 116]
length of groups_with_two_drops: 21
-----------------------------------------------
Groups with one drop: [11, 13, 14, 19, 20, 22, 23, 25, 27, 28, 31, 33, 45, 50, 51, 61, 63, 68, 71, 73, 75, 76, 78, 80, 81, 84, 87, 92, 94, 97, 98, 100, 111, 115]
length of groups_with_one_drop: 34
-----------------------------------------------
Groups with no drops: [17, 18, 21, 24, 26, 32, 34, 36, 47, 53, 55, 56, 57, 58, 65, 66, 70, 72, 82, 85, 88, 93, 96, 99, 104, 107, 108, 112, 114, 117, 118, 119, 120]
length of groups_with_no_drops: 33
-----------------------------------------------
All the dropped groups: [11, 12, 13, 14, 15, 16, 19, 20, 22, 23, 25, 27, 28, 29, 30, 31, 33, 35, 37, 38, 39, 40, 41, 42, 43, 44, 45, 46, 48, 49, 50, 51, 52, 54, 59, 60, 61, 62, 63, 64, 67, 68, 69, 71, 73, 74, 75, 76, 77, 78, 79, 80, 81, 83, 84, 86, 87, 89, 90, 91, 92, 94, 95, 97, 98, 100, 101, 102, 103, 105, 106, 109, 110, 111, 113, 115, 116]
length of all_drop_groups: 77
