Groups with three drops: [30, 46, 49, 52, 61]
length of groups_with_three_drops: 5
-----------------------------------------------
Groups with two drops: [35, 44, 67, 69, 86, 90]
length of groups_with_two_drops: 6
-----------------------------------------------
Groups with one drop: [16, 29, 33, 58, 62, 89]
length of groups_with_one_drop: 6
-----------------------------------------------
Groups with no drops: [51, 53, 54, 55, 56, 57, 59, 60, 63, 64, 65, 66, 68, 70, 71, 72, 73, 74, 75, 76, 77, 78, 79, 80, 81, 82, 83, 84, 85, 87, 88, 91, 92, 93, 94, 95, 96, 97, 98, 99, 100, 31, 32, 34, 36, 37, 38, 39, 40, 41, 42, 43, 45, 47, 48, 50, 11, 12, 13, 14, 15, 17, 18, 19, 20,21, 22, 23, 24, 25, 26, 27, 28]
length of groups_with_no_drops: 73
-----------------------------------------------
All the dropped groups: [16, 29, 30, 33, 35, 44, 46, 49, 52, 58, 61, 62, 67, 69, 86, 89, 90]
length of all_drop_groups: 17
